3.15
5.6
7.17
1.34
4.89
2.01
1.47
0.87
0
0.24
0.54
7.14
5.71
3.63
5.83
2.49
2.03
0.47
2.68
0.63
0.3
3.2
1.35
1.7
2.77
4.72
3.11
0.9
2.81
2.76
2.98
1.49
0.94
0.18
1.55
2.05
4.81
6.56
9.51
2.69
1.29
1.76
1.42
1.55
0.06
0.24
1.4
1.46
11.64
8.16
3.3
1.91
3.11
1.62
0.09
0.15
1.38
0.88
2.19
2.45
2.98
9.47
4.01
1.43
4.03
1.97
0.74
2.07
0.32
3.5
0.74
2.43
5.15
3.89
3.66
1.69
3.23
2.87
4.03
0.21
0.08
0.86
2.54
5.06
8.75
2.34
6.61
3.56
2.99
2.96
2.73
2.02
0.34
0.72
3.89
4.35
4.45
8.16
4.97
3.32
6.06
3.77
2.95
1.65
0.74
0.06
1.15
2.96
5.45
1.69
5.21
2.55
6.36
2.39
2.33
3.28
1.42
0
0.11
5.53
7.93
8.37
4.03
1.47
2.53
4.38
1.54
1.71
0.15
1.08
5.5
1
2.9
1.47
4.34
5.87
8.51
3.11
2.62
1.08
0.67
1.35
3.41
6.71
5.13
5.92
3.01
5.1
4.79
2.42
0.57
0.17
0.22
2.76
1.78
3.88
6.95
10.66
7.85
4.65
5.92
1.86
1.86
1.76
0.63
0.03
1.07
11.13
7.6
3.7
4.02
9.43
6.68
4.23
0
